1277904
1353603
1358289
1364288
1490469
1555135
1571646
1575835
1596752
1599377
1607275
1627034
1632068
1664380
1664804
1676236
1689099
1691455
1701954
1702286
1704610
1716630
1716835
1724143
1726134
1726142
1726636
1740309
1746167
1771513
1773200
1776653
1794750
1829651
1846747
1851449
1867655
1880547
1888771
1891259
1920164
1928556
1935402
1952448
1959535
1966843
2002534
2020253
2044244
2067337
2138750
2159234
2180442
2208442
2238545
2252235
2277645
2303550
2344075
2378842
2390671
2400452
2476546
2509537
2511635
2513941
2584852
2666658
2755276